(kicad_pcb (version 20171130) (host pcbnew "(5.1.4)-1")

  (general
    (thickness 1.6)
    (drawings 4)
    (tracks 583)
    (zones 0)
    (modules 74)
    (nets 57)
  )

  (page A4)
  (layers
    (0 F.Cu signal)
    (31 B.Cu signal)
    (32 B.Adhes user)
    (33 F.Adhes user)
    (34 B.Paste user)
    (35 F.Paste user)
    (36 B.SilkS user)
    (37 F.SilkS user)
    (38 B.Mask user)
    (39 F.Mask user)
    (40 Dwgs.User user)
    (41 Cmts.User user)
    (42 Eco1.User user)
    (43 Eco2.User user)
    (44 Edge.Cuts user)
    (45 Margin user)
    (46 B.CrtYd user)
    (47 F.CrtYd user)
    (48 B.Fab user)
    (49 F.Fab user)
  )

  (setup
    (last_trace_width 0.4)
    (user_trace_width 0.36)
    (trace_clearance 0.2)
    (zone_clearance 0.508)
    (zone_45_only no)
    (trace_min 0.2)
    (via_size 1.2)
    (via_drill 0.2)
    (via_min_size 0.1)
    (via_min_drill 0.2)
    (uvia_size 0.3)
    (uvia_drill 0.1)
    (uvias_allowed no)
    (uvia_min_size 0.2)
    (uvia_min_drill 0.1)
    (edge_width 0.1)
    (segment_width 0.2)
    (pcb_text_width 0.3)
    (pcb_text_size 1.5 1.5)
    (mod_edge_width 0.15)
    (mod_text_size 1 1)
    (mod_text_width 0.15)
    (pad_size 6 6)
    (pad_drill 3)
    (pad_to_mask_clearance 0)
    (aux_axis_origin 0 0)
    (visible_elements 7FFFFFFF)
    (pcbplotparams
      (layerselection 0x010fc_ffffffff)
      (usegerberextensions false)
      (usegerberattributes false)
      (usegerberadvancedattributes false)
      (creategerberjobfile false)
      (excludeedgelayer true)
      (linewidth 0.100000)
      (plotframeref false)
      (viasonmask false)
      (mode 1)
      (useauxorigin false)
      (hpglpennumber 1)
      (hpglpenspeed 20)
      (hpglpendiameter 15.000000)
      (psnegative false)
      (psa4output false)
      (plotreference true)
      (plotvalue true)
      (plotinvisibletext false)
      (padsonsilk false)
      (subtractmaskfromsilk false)
      (outputformat 1)
      (mirror false)
      (drillshape 1)
      (scaleselection 1)
      (outputdirectory ""))
  )

  (net 0 "")
  (net 1 STEPDIR-CPU-D16)
  (net 2 STEP-CPU-D17)
  (net 3 5V)
  (net 4 STEPEN-CPU-D24)
  (net 5 12V)
  (net 6 GND)
  (net 7 STEP-2B-OUT)
  (net 8 STEP-2A-OUT)
  (net 9 STEP-1A-OUT)
  (net 10 STEP-1B-OUT)
  (net 11 IGN1-CPU-D40)
  (net 12 IGN2-CPU-D38)
  (net 13 ADC-Clamp1)
  (net 14 ADC-Clamp4)
  (net 15 ADC-Clamp3)
  (net 16 ADC-Clamp6)
  (net 17 ADC-Clamp2)
  (net 18 MAP-CPU-A3)
  (net 19 ADC-Clamp5)
  (net 20 INJ2-CPU-D9)
  (net 21 TACH2-CPU-D18)
  (net 22 INJ1-CPU-D8)
  (net 23 IDLE-CPU-D6)
  (net 24 "Net-(C2-Pad2)")
  (net 25 "Net-(C2-Pad1)")
  (net 26 "Net-(C3-Pad2)")
  (net 27 "Net-(C3-Pad1)")
  (net 28 O2_sens)
  (net 29 TPS_sens)
  (net 30 ITS_sens)
  (net 31 "Net-(C13-Pad1)")
  (net 32 CLT_sens)
  (net 33 +12V)
  (net 34 "Net-(D1-Pad2)")
  (net 35 "Net-(D1-Pad1)")
  (net 36 inj-1-out)
  (net 37 "Net-(D3-Pad2)")
  (net 38 "Net-(D3-Pad1)")
  (net 39 inj-2-out)
  (net 40 "Net-(D5-Pad2)")
  (net 41 "Net-(D6-Pad2)")
  (net 42 "Net-(IC2-Pad2)")
  (net 43 "Net-(IC2-Pad4)")
  (net 44 "Net-(IC2-Pad5)")
  (net 45 "Net-(IC2-Pad7)")
  (net 46 ign-2-out)
  (net 47 ign-1-out)
  (net 48 idle-out)
  (net 49 MAP)
  (net 50 VR2-)
  (net 51 VR2+)
  (net 52 VR1-)
  (net 53 VR1+)
  (net 54 "Net-(Q1-Pad1)")
  (net 55 "Net-(Q2-Pad1)")
  (net 56 "Net-(Q3-Pad1)")

  (net_class Default "Это класс цепей по умолчанию."
    (clearance 0.2)
    (trace_width 0.4)
    (via_dia 1.2)
    (via_drill 0.2)
    (uvia_dia 0.3)
    (uvia_drill 0.1)
    (add_net ADC-Clamp1)
    (add_net ADC-Clamp2)
    (add_net ADC-Clamp3)
    (add_net ADC-Clamp4)
    (add_net ADC-Clamp5)
    (add_net ADC-Clamp6)
    (add_net CLT_sens)
    (add_net IDLE-CPU-D6)
    (add_net IGN1-CPU-D40)
    (add_net IGN2-CPU-D38)
    (add_net INJ1-CPU-D8)
    (add_net INJ2-CPU-D9)
    (add_net ITS_sens)
    (add_net MAP)
    (add_net MAP-CPU-A3)
    (add_net "Net-(C13-Pad1)")
    (add_net "Net-(C2-Pad1)")
    (add_net "Net-(C2-Pad2)")
    (add_net "Net-(C3-Pad1)")
    (add_net "Net-(C3-Pad2)")
    (add_net "Net-(D1-Pad1)")
    (add_net "Net-(D1-Pad2)")
    (add_net "Net-(D3-Pad1)")
    (add_net "Net-(D3-Pad2)")
    (add_net "Net-(D5-Pad2)")
    (add_net "Net-(D6-Pad2)")
    (add_net "Net-(IC2-Pad2)")
    (add_net "Net-(IC2-Pad4)")
    (add_net "Net-(IC2-Pad5)")
    (add_net "Net-(IC2-Pad7)")
    (add_net "Net-(Q1-Pad1)")
    (add_net "Net-(Q2-Pad1)")
    (add_net "Net-(Q3-Pad1)")
    (add_net O2_sens)
    (add_net STEP-CPU-D17)
    (add_net STEPDIR-CPU-D16)
    (add_net STEPEN-CPU-D24)
    (add_net TACH2-CPU-D18)
    (add_net TPS_sens)
    (add_net VR1+)
    (add_net VR1-)
    (add_net VR2+)
    (add_net VR2-)
  )

  (net_class 5v_small ""
    (clearance 0.2)
    (trace_width 0.4)
    (via_dia 1.2)
    (via_drill 0.2)
    (uvia_dia 0.3)
    (uvia_drill 0.1)
  )

  (net_class GND_MOSFIT ""
    (clearance 0.3)
    (trace_width 1)
    (via_dia 1.2)
    (via_drill 0.2)
    (uvia_dia 0.3)
    (uvia_drill 0.1)
    (add_net ign-1-out)
    (add_net ign-2-out)
    (add_net inj-1-out)
    (add_net inj-2-out)
  )

  (net_class POWER_ENG ""
    (clearance 0.28)
    (trace_width 0.8)
    (via_dia 1.2)
    (via_drill 0.2)
    (uvia_dia 0.3)
    (uvia_drill 0.1)
  )

  (net_class Power ""
    (clearance 0.22)
    (trace_width 0.8)
    (via_dia 1.2)
    (via_drill 0.2)
    (uvia_dia 0.3)
    (uvia_drill 0.1)
    (add_net +12V)
    (add_net 12V)
    (add_net 5V)
    (add_net GND)
  )

  (net_class power_exit ""
    (clearance 0.3)
    (trace_width 1)
    (via_dia 1.2)
    (via_drill 0.2)
    (uvia_dia 0.3)
    (uvia_drill 0.1)
    (add_net idle-out)
  )

  (net_class power_logic ""
    (clearance 0.3)
    (trace_width 0.4)
    (via_dia 1.2)
    (via_drill 0.2)
    (uvia_dia 0.3)
    (uvia_drill 0.1)
  )

  (net_class step_engine_exit ""
    (clearance 0.3)
    (trace_width 0.6)
    (via_dia 1.2)
    (via_drill 0.2)
    (uvia_dia 0.3)
    (uvia_drill 0.1)
    (add_net STEP-1A-OUT)
    (add_net STEP-1B-OUT)
    (add_net STEP-2A-OUT)
    (add_net STEP-2B-OUT)
  )

  (module MountingHole:MountingHole_3mm_Pad (layer F.Cu) (tedit 56D1B4CB) (tstamp 5D75AA3D)
    (at 119.825 166.125)
    (descr "Mounting Hole 3mm")
    (tags "mounting hole 3mm")
    (path /5D75460C)
    (attr virtual)
    (fp_text reference J5 (at 0 -4) (layer F.SilkS)
      (effects (font (size 1 1) (thickness 0.15)))
    )
    (fp_text value Conn_01x01 (at 0 4) (layer F.Fab)
      (effects (font (size 1 1) (thickness 0.15)))
    )
    (fp_circle (center 0 0) (end 3.25 0) (layer F.CrtYd) (width 0.05))
    (fp_circle (center 0 0) (end 3 0) (layer Cmts.User) (width 0.15))
    (fp_text user %R (at 0.3 0) (layer F.Fab)
      (effects (font (size 1 1) (thickness 0.15)))
    )
    (pad 1 thru_hole circle (at 0 0) (size 6 6) (drill 3) (layers *.Cu *.Mask)
      (net 6 GND))
  )

  (module MountingHole:MountingHole_3mm_Pad (layer F.Cu) (tedit 56D1B4CB) (tstamp 5D75AA35)
    (at 119.825 56.125)
    (descr "Mounting Hole 3mm")
    (tags "mounting hole 3mm")
    (path /5D75441C)
    (attr virtual)
    (fp_text reference J4 (at 0 -4) (layer F.SilkS)
      (effects (font (size 1 1) (thickness 0.15)))
    )
    (fp_text value Conn_01x01 (at 0 4) (layer F.Fab)
      (effects (font (size 1 1) (thickness 0.15)))
    )
    (fp_circle (center 0 0) (end 3.25 0) (layer F.CrtYd) (width 0.05))
    (fp_circle (center 0 0) (end 3 0) (layer Cmts.User) (width 0.15))
    (fp_text user %R (at 0.3 0) (layer F.Fab)
      (effects (font (size 1 1) (thickness 0.15)))
    )
    (pad 1 thru_hole circle (at 0 0) (size 6 6) (drill 3) (layers *.Cu *.Mask)
      (net 6 GND))
  )

  (module MountingHole:MountingHole_3mm_Pad (layer F.Cu) (tedit 56D1B4CB) (tstamp 5D75AA2D)
    (at 54.825 56.125)
    (descr "Mounting Hole 3mm")
    (tags "mounting hole 3mm")
    (path /5D7540D7)
    (attr virtual)
    (fp_text reference J3 (at 0 -4) (layer F.SilkS)
      (effects (font (size 1 1) (thickness 0.15)))
    )
    (fp_text value Conn_01x01 (at 0 4) (layer F.Fab)
      (effects (font (size 1 1) (thickness 0.15)))
    )
    (fp_circle (center 0 0) (end 3.25 0) (layer F.CrtYd) (width 0.05))
    (fp_circle (center 0 0) (end 3 0) (layer Cmts.User) (width 0.15))
    (fp_text user %R (at 0.3 0) (layer F.Fab)
      (effects (font (size 1 1) (thickness 0.15)))
    )
    (pad 1 thru_hole circle (at 0 0) (size 6 6) (drill 3) (layers *.Cu *.Mask)
      (net 6 GND))
  )

  (module MountingHole:MountingHole_3mm_Pad (layer F.Cu) (tedit 56D1B4CB) (tstamp 5D75AA25)
    (at 54.825 166.125)
    (descr "Mounting Hole 3mm")
    (tags "mounting hole 3mm")
    (path /5D753D1F)
    (attr virtual)
    (fp_text reference J2 (at 0 -4) (layer F.SilkS)
      (effects (font (size 1 1) (thickness 0.15)))
    )
    (fp_text value Conn_01x01 (at 0 4) (layer F.Fab)
      (effects (font (size 1 1) (thickness 0.15)))
    )
    (fp_circle (center 0 0) (end 3.25 0) (layer F.CrtYd) (width 0.05))
    (fp_circle (center 0 0) (end 3 0) (layer Cmts.User) (width 0.15))
    (fp_text user %R (at 0.3 0) (layer F.Fab)
      (effects (font (size 1 1) (thickness 0.15)))
    )
    (pad 1 thru_hole circle (at 0 0) (size 6 6) (drill 3) (layers *.Cu *.Mask)
      (net 6 GND))
  )

  (module Connector_Dsub:DSUB-25_Male_Horizontal_P2.77x2.84mm_EdgePinOffset4.94mm_Housed_MountingHolesOffset7.48mm (layer F.Cu) (tedit 59FEDEE2) (tstamp 5D727D18)
    (at 103.75 61.725 180)
    (descr "25-pin D-Sub connector, horizontal/angled (90 deg), THT-mount, male, pitch 2.77x2.84mm, pin-PCB-offset 4.9399999999999995mm, distance of mounting holes 47.1mm, distance of mounting holes to PCB edge 7.4799999999999995mm, see https://disti-assets.s3.amazonaws.com/tonar/files/datasheets/16730.pdf")
    (tags "25-pin D-Sub connector horizontal angled 90deg THT male pitch 2.77x2.84mm pin-PCB-offset 4.9399999999999995mm mounting-holes-distance 47.1mm mounting-hole-offset 47.1mm")
    (path /5D726F2D)
    (fp_text reference J1 (at 16.62 -3.7) (layer F.SilkS)
      (effects (font (size 1 1) (thickness 0.15)))
    )
    (fp_text value DB25_Male_MountingHoles (at 16.62 15.68) (layer F.Fab)
      (effects (font (size 1 1) (thickness 0.15)))
    )
    (fp_text user %R (at 16.62 11.18) (layer F.Fab)
      (effects (font (size 1 1) (thickness 0.15)))
    )
    (fp_line (start 43.7 -3.25) (end -10.45 -3.25) (layer F.CrtYd) (width 0.05))
    (fp_line (start 43.7 14.7) (end 43.7 -3.25) (layer F.CrtYd) (width 0.05))
    (fp_line (start -10.45 14.7) (end 43.7 14.7) (layer F.CrtYd) (width 0.05))
    (fp_line (start -10.45 -3.25) (end -10.45 14.7) (layer F.CrtYd) (width 0.05))
    (fp_line (start 0 -3.221325) (end -0.25 -3.654338) (layer F.SilkS) (width 0.12))
    (fp_line (start 0.25 -3.654338) (end 0 -3.221325) (layer F.SilkS) (width 0.12))
    (fp_line (start -0.25 -3.654338) (end 0.25 -3.654338) (layer F.SilkS) (width 0.12))
    (fp_line (start 43.23 -2.76) (end 43.23 7.72) (layer F.SilkS) (width 0.12))
    (fp_line (start -9.99 -2.76) (end 43.23 -2.76) (layer F.SilkS) (width 0.12))
    (fp_line (start -9.99 7.72) (end -9.99 -2.76) (layer F.SilkS) (width 0.12))
    (fp_line (start 41.77 7.78) (end 41.77 0.3) (layer F.Fab) (width 0.1))
    (fp_line (start 38.57 7.78) (end 38.57 0.3) (layer F.Fab) (width 0.1))
    (fp_line (start -5.33 7.78) (end -5.33 0.3) (layer F.Fab) (width 0.1))
    (fp_line (start -8.53 7.78) (end -8.53 0.3) (layer F.Fab) (width 0.1))
    (fp_line (start 42.67 8.18) (end 37.67 8.18) (layer F.Fab) (width 0.1))
    (fp_line (start 42.67 13.18) (end 42.67 8.18) (layer F.Fab) (width 0.1))
    (fp_line (start 37.67 13.18) (end 42.67 13.18) (layer F.Fab) (width 0.1))
    (fp_line (start 37.67 8.18) (end 37.67 13.18) (layer F.Fab) (width 0.1))
    (fp_line (start -4.43 8.18) (end -9.43 8.18) (layer F.Fab) (width 0.1))
    (fp_line (start -4.43 13.18) (end -4.43 8.18) (layer F.Fab) (width 0.1))
    (fp_line (start -9.43 13.18) (end -4.43 13.18) (layer F.Fab) (width 0.1))
    (fp_line (start -9.43 8.18) (end -9.43 13.18) (layer F.Fab) (width 0.1))
    (fp_line (start 35.77 8.18) (end -2.53 8.18) (layer F.Fab) (width 0.1))
    (fp_line (start 35.77 14.18) (end 35.77 8.18) (layer F.Fab) (width 0.1))
    (fp_line (start -2.53 14.18) (end 35.77 14.18) (layer F.Fab) (width 0.1))
    (fp_line (start -2.53 8.18) (end -2.53 14.18) (layer F.Fab) (width 0.1))
    (fp_line (start 43.17 7.78) (end -9.93 7.78) (layer F.Fab) (width 0.1))
    (fp_line (start 43.17 8.18) (end 43.17 7.78) (layer F.Fab) (width 0.1))
    (fp_line (start -9.93 8.18) (end 43.17 8.18) (layer F.Fab) (width 0.1))
    (fp_line (start -9.93 7.78) (end -9.93 8.18) (layer F.Fab) (width 0.1))
    (fp_line (start 43.17 -2.7) (end -9.93 -2.7) (layer F.Fab) (width 0.1))
    (fp_line (start 43.17 7.78) (end 43.17 -2.7) (layer F.Fab) (width 0.1))
    (fp_line (start -9.93 7.78) (end 43.17 7.78) (layer F.Fab) (width 0.1))
    (fp_line (start -9.93 -2.7) (end -9.93 7.78) (layer F.Fab) (width 0.1))
    (fp_arc (start 40.17 0.3) (end 38.57 0.3) (angle 180) (layer F.Fab) (width 0.1))
    (fp_arc (start -6.93 0.3) (end -8.53 0.3) (angle 180) (layer F.Fab) (width 0.1))
    (pad 0 thru_hole circle (at 40.17 0.3 180) (size 4 4) (drill 3.2) (layers *.Cu *.Mask)
      (net 6 GND))
    (pad 0 thru_hole circle (at -6.93 0.3 180) (size 4 4) (drill 3.2) (layers *.Cu *.Mask)
      (net 6 GND))
    (pad 25 thru_hole circle (at 31.855 2.84 180) (size 1.6 1.6) (drill 1) (layers *.Cu *.Mask)
      (net 6 GND))
    (pad 24 thru_hole circle (at 29.085 2.84 180) (size 1.6 1.6) (drill 1) (layers *.Cu *.Mask)
      (net 5 12V))
    (pad 23 thru_hole circle (at 26.315 2.84 180) (size 1.6 1.6) (drill 1) (layers *.Cu *.Mask)
      (net 46 ign-2-out))
    (pad 22 thru_hole circle (at 23.545 2.84 180) (size 1.6 1.6) (drill 1) (layers *.Cu *.Mask)
      (net 39 inj-2-out))
    (pad 21 thru_hole circle (at 20.775 2.84 180) (size 1.6 1.6) (drill 1) (layers *.Cu *.Mask)
      (net 7 STEP-2B-OUT))
    (pad 20 thru_hole circle (at 18.005 2.84 180) (size 1.6 1.6) (drill 1) (layers *.Cu *.Mask)
      (net 10 STEP-1B-OUT))
    (pad 19 thru_hole circle (at 15.235 2.84 180) (size 1.6 1.6) (drill 1) (layers *.Cu *.Mask)
      (net 30 ITS_sens))
    (pad 18 thru_hole circle (at 12.465 2.84 180) (size 1.6 1.6) (drill 1) (layers *.Cu *.Mask)
      (net 29 TPS_sens))
    (pad 17 thru_hole circle (at 9.695 2.84 180) (size 1.6 1.6) (drill 1) (layers *.Cu *.Mask)
      (net 6 GND))
    (pad 16 thru_hole circle (at 6.925 2.84 180) (size 1.6 1.6) (drill 1) (layers *.Cu *.Mask)
      (net 6 GND))
    (pad 15 thru_hole circle (at 4.155 2.84 180) (size 1.6 1.6) (drill 1) (layers *.Cu *.Mask)
      (net 50 VR2-))
    (pad 14 thru_hole circle (at 1.385 2.84 180) (size 1.6 1.6) (drill 1) (layers *.Cu *.Mask)
      (net 52 VR1-))
    (pad 13 thru_hole circle (at 33.24 0 180) (size 1.6 1.6) (drill 1) (layers *.Cu *.Mask)
      (net 6 GND))
    (pad 12 thru_hole circle (at 30.47 0 180) (size 1.6 1.6) (drill 1) (layers *.Cu *.Mask)
      (net 5 12V))
    (pad 11 thru_hole circle (at 27.7 0 180) (size 1.6 1.6) (drill 1) (layers *.Cu *.Mask)
      (net 48 idle-out))
    (pad 10 thru_hole circle (at 24.93 0 180) (size 1.6 1.6) (drill 1) (layers *.Cu *.Mask)
      (net 47 ign-1-out))
    (pad 9 thru_hole circle (at 22.16 0 180) (size 1.6 1.6) (drill 1) (layers *.Cu *.Mask)
      (net 36 inj-1-out))
    (pad 8 thru_hole circle (at 19.39 0 180) (size 1.6 1.6) (drill 1) (layers *.Cu *.Mask)
      (net 8 STEP-2A-OUT))
    (pad 7 thru_hole circle (at 16.62 0 180) (size 1.6 1.6) (drill 1) (layers *.Cu *.Mask)
      (net 9 STEP-1A-OUT))
    (pad 6 thru_hole circle (at 13.85 0 180) (size 1.6 1.6) (drill 1) (layers *.Cu *.Mask)
      (net 32 CLT_sens))
    (pad 5 thru_hole circle (at 11.08 0 180) (size 1.6 1.6) (drill 1) (layers *.Cu *.Mask)
      (net 28 O2_sens))
    (pad 4 thru_hole circle (at 8.31 0 180) (size 1.6 1.6) (drill 1) (layers *.Cu *.Mask)
      (net 3 5V))
    (pad 3 thru_hole circle (at 5.54 0 180) (size 1.6 1.6) (drill 1) (layers *.Cu *.Mask)
      (net 49 MAP))
    (pad 2 thru_hole circle (at 2.77 0 180) (size 1.6 1.6) (drill 1) (layers *.Cu *.Mask)
      (net 51 VR2+))
    (pad 1 thru_hole rect (at 0 0 180) (size 1.6 1.6) (drill 1) (layers *.Cu *.Mask)
      (net 53 VR1+))
    (model ${KISYS3DMOD}/Connector_Dsub.3dshapes/DSUB-25_Male_Horizontal_P2.77x2.84mm_EdgePinOffset4.94mm_Housed_MountingHolesOffset7.48mm.wrl
      (at (xyz 0 0 0))
      (scale (xyz 1 1 1))
      (rotate (xyz 0 0 0))
    )
  )

  (module Resistor_SMD:R_2010_5025Metric (layer F.Cu) (tedit 5B301BBD) (tstamp 5D67D926)
    (at 71.725 154.95 270)
    (descr "Resistor SMD 2010 (5025 Metric), square (rectangular) end terminal, IPC_7351 nominal, (Body size source: http://www.tortai-tech.com/upload/download/2011102023233369053.pdf), generated with kicad-footprint-generator")
    (tags resistor)
    (path /5D6DB8FB/5D6E0849)
    (attr smd)
    (fp_text reference R32 (at 0 -2.28 270) (layer F.SilkS)
      (effects (font (size 1 1) (thickness 0.15)))
    )
    (fp_text value 1K (at 0 2.28 270) (layer F.Fab)
      (effects (font (size 1 1) (thickness 0.15)))
    )
    (fp_text user %R (at 0 0 270) (layer F.Fab)
      (effects (font (size 1 1) (thickness 0.15)))
    )
    (fp_line (start 3.18 1.58) (end -3.18 1.58) (layer F.CrtYd) (width 0.05))
    (fp_line (start 3.18 -1.58) (end 3.18 1.58) (layer F.CrtYd) (width 0.05))
    (fp_line (start -3.18 -1.58) (end 3.18 -1.58) (layer F.CrtYd) (width 0.05))
    (fp_line (start -3.18 1.58) (end -3.18 -1.58) (layer F.CrtYd) (width 0.05))
    (fp_line (start -1.402064 1.36) (end 1.402064 1.36) (layer F.SilkS) (width 0.12))
    (fp_line (start -1.402064 -1.36) (end 1.402064 -1.36) (layer F.SilkS) (width 0.12))
    (fp_line (start 2.5 1.25) (end -2.5 1.25) (layer F.Fab) (width 0.1))
    (fp_line (start 2.5 -1.25) (end 2.5 1.25) (layer F.Fab) (width 0.1))
    (fp_line (start -2.5 -1.25) (end 2.5 -1.25) (layer F.Fab) (width 0.1))
    (fp_line (start -2.5 1.25) (end -2.5 -1.25) (layer F.Fab) (width 0.1))
    (pad 2 smd roundrect (at 2.25 0 270) (size 1.35 2.65) (layers F.Cu F.Paste F.Mask) (roundrect_rratio 0.185185)
      (net 23 IDLE-CPU-D6))
    (pad 1 smd roundrect (at -2.25 0 270) (size 1.35 2.65) (layers F.Cu F.Paste F.Mask) (roundrect_rratio 0.185185)
      (net 56 "Net-(Q3-Pad1)"))
    (model ${KISYS3DMOD}/Resistor_SMD.3dshapes/R_2010_5025Metric.wrl
      (at (xyz 0 0 0))
      (scale (xyz 1 1 1))
      (rotate (xyz 0 0 0))
    )
  )

  (module Resistor_SMD:R_2010_5025Metric (layer F.Cu) (tedit 5B301BBD) (tstamp 5D67DF44)
    (at 81.466 155.515 90)
    (descr "Resistor SMD 2010 (5025 Metric), square (rectangular) end terminal, IPC_7351 nominal, (Body size source: http://www.tortai-tech.com/upload/download/2011102023233369053.pdf), generated with kicad-footprint-generator")
    (tags resistor)
    (path /5D6DB8FB/5D6E0843)
    (attr smd)
    (fp_text reference R31 (at 0 -2.28 -90) (layer F.SilkS)
      (effects (font (size 1 1) (thickness 0.15)))
    )
    (fp_text value 100K (at 0 2.28 -90) (layer F.Fab)
      (effects (font (size 1 1) (thickness 0.15)))
    )
    (fp_text user %R (at 0 0 -90) (layer F.Fab)
      (effects (font (size 1 1) (thickness 0.15)))
    )
    (fp_line (start 3.18 1.58) (end -3.18 1.58) (layer F.CrtYd) (width 0.05))
    (fp_line (start 3.18 -1.58) (end 3.18 1.58) (layer F.CrtYd) (width 0.05))
    (fp_line (start -3.18 -1.58) (end 3.18 -1.58) (layer F.CrtYd) (width 0.05))
    (fp_line (start -3.18 1.58) (end -3.18 -1.58) (layer F.CrtYd) (width 0.05))
    (fp_line (start -1.402064 1.36) (end 1.402064 1.36) (layer F.SilkS) (width 0.12))
    (fp_line (start -1.402064 -1.36) (end 1.402064 -1.36) (layer F.SilkS) (width 0.12))
    (fp_line (start 2.5 1.25) (end -2.5 1.25) (layer F.Fab) (width 0.1))
    (fp_line (start 2.5 -1.25) (end 2.5 1.25) (layer F.Fab) (width 0.1))
    (fp_line (start -2.5 -1.25) (end 2.5 -1.25) (layer F.Fab) (width 0.1))
    (fp_line (start -2.5 1.25) (end -2.5 -1.25) (layer F.Fab) (width 0.1))
    (pad 2 smd roundrect (at 2.25 0 90) (size 1.35 2.65) (layers F.Cu F.Paste F.Mask) (roundrect_rratio 0.185185)
      (net 6 GND))
    (pad 1 smd roundrect (at -2.25 0 90) (size 1.35 2.65) (layers F.Cu F.Paste F.Mask) (roundrect_rratio 0.185185)
      (net 23 IDLE-CPU-D6))
    (model ${KISYS3DMOD}/Resistor_SMD.3dshapes/R_2010_5025Metric.wrl
      (at (xyz 0 0 0))
      (scale (xyz 1 1 1))
      (rotate (xyz 0 0 0))
    )
  )

  (module Resistor_SMD:R_2010_5025Metric (layer F.Cu) (tedit 5B301BBD) (tstamp 5D67DE84)
    (at 77.55 76.075 270)
    (descr "Resistor SMD 2010 (5025 Metric), square (rectangular) end terminal, IPC_7351 nominal, (Body size source: http://www.tortai-tech.com/upload/download/2011102023233369053.pdf), generated with kicad-footprint-generator")
    (tags resistor)
    (path /5D68FA4A/5D69DC84)
    (attr smd)
    (fp_text reference R30 (at 0 -2.28 90) (layer F.SilkS)
      (effects (font (size 1 1) (thickness 0.15)))
    )
    (fp_text value 160 (at 0 2.28 90) (layer F.Fab)
      (effects (font (size 1 1) (thickness 0.15)))
    )
    (fp_text user %R (at 0 0 90) (layer F.Fab)
      (effects (font (size 1 1) (thickness 0.15)))
    )
    (fp_line (start 3.18 1.58) (end -3.18 1.58) (layer F.CrtYd) (width 0.05))
    (fp_line (start 3.18 -1.58) (end 3.18 1.58) (layer F.CrtYd) (width 0.05))
    (fp_line (start -3.18 -1.58) (end 3.18 -1.58) (layer F.CrtYd) (width 0.05))
    (fp_line (start -3.18 1.58) (end -3.18 -1.58) (layer F.CrtYd) (width 0.05))
    (fp_line (start -1.402064 1.36) (end 1.402064 1.36) (layer F.SilkS) (width 0.12))
    (fp_line (start -1.402064 -1.36) (end 1.402064 -1.36) (layer F.SilkS) (width 0.12))
    (fp_line (start 2.5 1.25) (end -2.5 1.25) (layer F.Fab) (width 0.1))
    (fp_line (start 2.5 -1.25) (end 2.5 1.25) (layer F.Fab) (width 0.1))
    (fp_line (start -2.5 -1.25) (end 2.5 -1.25) (layer F.Fab) (width 0.1))
    (fp_line (start -2.5 1.25) (end -2.5 -1.25) (layer F.Fab) (width 0.1))
    (pad 2 smd roundrect (at 2.25 0 270) (size 1.35 2.65) (layers F.Cu F.Paste F.Mask) (roundrect_rratio 0.185185)
      (net 44 "Net-(IC2-Pad5)"))
    (pad 1 smd roundrect (at -2.25 0 270) (size 1.35 2.65) (layers F.Cu F.Paste F.Mask) (roundrect_rratio 0.185185)
      (net 46 ign-2-out))
    (model ${KISYS3DMOD}/Resistor_SMD.3dshapes/R_2010_5025Metric.wrl
      (at (xyz 0 0 0))
      (scale (xyz 1 1 1))
      (rotate (xyz 0 0 0))
    )
  )

  (module Resistor_SMD:R_2010_5025Metric (layer F.Cu) (tedit 5B301BBD) (tstamp 5D67DE54)
    (at 82.312 76.075 90)
    (descr "Resistor SMD 2010 (5025 Metric), square (rectangular) end terminal, IPC_7351 nominal, (Body size source: http://www.tortai-tech.com/upload/download/2011102023233369053.pdf), generated with kicad-footprint-generator")
    (tags resistor)
    (path /5D68FA4A/5D690569)
    (attr smd)
    (fp_text reference R29 (at 0 -2.28 90) (layer F.SilkS)
      (effects (font (size 1 1) (thickness 0.15)))
    )
    (fp_text value 160 (at 0 2.28 90) (layer F.Fab)
      (effects (font (size 1 1) (thickness 0.15)))
    )
    (fp_text user %R (at 0 0 90) (layer F.Fab)
      (effects (font (size 1 1) (thickness 0.15)))
    )
    (fp_line (start 3.18 1.58) (end -3.18 1.58) (layer F.CrtYd) (width 0.05))
    (fp_line (start 3.18 -1.58) (end 3.18 1.58) (layer F.CrtYd) (width 0.05))
    (fp_line (start -3.18 -1.58) (end 3.18 -1.58) (layer F.CrtYd) (width 0.05))
    (fp_line (start -3.18 1.58) (end -3.18 -1.58) (layer F.CrtYd) (width 0.05))
    (fp_line (start -1.402064 1.36) (end 1.402064 1.36) (layer F.SilkS) (width 0.12))
    (fp_line (start -1.402064 -1.36) (end 1.402064 -1.36) (layer F.SilkS) (width 0.12))
    (fp_line (start 2.5 1.25) (end -2.5 1.25) (layer F.Fab) (width 0.1))
    (fp_line (start 2.5 -1.25) (end 2.5 1.25) (layer F.Fab) (width 0.1))
    (fp_line (start -2.5 -1.25) (end 2.5 -1.25) (layer F.Fab) (width 0.1))
    (fp_line (start -2.5 1.25) (end -2.5 -1.25) (layer F.Fab) (width 0.1))
    (pad 2 smd roundrect (at 2.25 0 90) (size 1.35 2.65) (layers F.Cu F.Paste F.Mask) (roundrect_rratio 0.185185)
      (net 47 ign-1-out))
    (pad 1 smd roundrect (at -2.25 0 90) (size 1.35 2.65) (layers F.Cu F.Paste F.Mask) (roundrect_rratio 0.185185)
      (net 45 "Net-(IC2-Pad7)"))
    (model ${KISYS3DMOD}/Resistor_SMD.3dshapes/R_2010_5025Metric.wrl
      (at (xyz 0 0 0))
      (scale (xyz 1 1 1))
      (rotate (xyz 0 0 0))
    )
  )

  (module Resistor_SMD:R_2010_5025Metric (layer B.Cu) (tedit 5B301BBD) (tstamp 5D6916C9)
    (at 56.005 81.855)
    (descr "Resistor SMD 2010 (5025 Metric), square (rectangular) end terminal, IPC_7351 nominal, (Body size source: http://www.tortai-tech.com/upload/download/2011102023233369053.pdf), generated with kicad-footprint-generator")
    (tags resistor)
    (path /5D68FA4A/5D69086A)
    (attr smd)
    (fp_text reference R28 (at 0 2.28) (layer B.SilkS)
      (effects (font (size 1 1) (thickness 0.15)) (justify mirror))
    )
    (fp_text value 2.4K (at 0 -2.28) (layer B.Fab)
      (effects (font (size 1 1) (thickness 0.15)) (justify mirror))
    )
    (fp_line (start -2.5 -1.25) (end -2.5 1.25) (layer B.Fab) (width 0.1))
    (fp_line (start -2.5 1.25) (end 2.5 1.25) (layer B.Fab) (width 0.1))
    (fp_line (start 2.5 1.25) (end 2.5 -1.25) (layer B.Fab) (width 0.1))
    (fp_line (start 2.5 -1.25) (end -2.5 -1.25) (layer B.Fab) (width 0.1))
    (fp_line (start -1.402064 1.36) (end 1.402064 1.36) (layer B.SilkS) (width 0.12))
    (fp_line (start -1.402064 -1.36) (end 1.402064 -1.36) (layer B.SilkS) (width 0.12))
    (fp_line (start -3.18 -1.58) (end -3.18 1.58) (layer B.CrtYd) (width 0.05))
    (fp_line (start -3.18 1.58) (end 3.18 1.58) (layer B.CrtYd) (width 0.05))
    (fp_line (start 3.18 1.58) (end 3.18 -1.58) (layer B.CrtYd) (width 0.05))
    (fp_line (start 3.18 -1.58) (end -3.18 -1.58) (layer B.CrtYd) (width 0.05))
    (fp_text user %R (at 0 0) (layer B.Fab)
      (effects (font (size 1 1) (thickness 0.15)) (justify mirror))
    )
    (pad 1 smd roundrect (at -2.25 0) (size 1.35 2.65) (layers B.Cu B.Paste B.Mask) (roundrect_rratio 0.185185)
      (net 41 "Net-(D6-Pad2)"))
    (pad 2 smd roundrect (at 2.25 0) (size 1.35 2.65) (layers B.Cu B.Paste B.Mask) (roundrect_rratio 0.185185)
      (net 47 ign-1-out))
    (model ${KISYS3DMOD}/Resistor_SMD.3dshapes/R_2010_5025Metric.wrl
      (at (xyz 0 0 0))
      (scale (xyz 1 1 1))
      (rotate (xyz 0 0 0))
    )
  )

  (module Resistor_SMD:R_2010_5025Metric (layer B.Cu) (tedit 5B301BBD) (tstamp 5D6916F9)
    (at 56.005 76.955)
    (descr "Resistor SMD 2010 (5025 Metric), square (rectangular) end terminal, IPC_7351 nominal, (Body size source: http://www.tortai-tech.com/upload/download/2011102023233369053.pdf), generated with kicad-footprint-generator")
    (tags resistor)
    (path /5D68FA4A/5D6AA65A)
    (attr smd)
    (fp_text reference R27 (at 0 2.28) (layer B.SilkS)
      (effects (font (size 1 1) (thickness 0.15)) (justify mirror))
    )
    (fp_text value 2.4K (at 0 -2.28) (layer B.Fab)
      (effects (font (size 1 1) (thickness 0.15)) (justify mirror))
    )
    (fp_line (start -2.5 -1.25) (end -2.5 1.25) (layer B.Fab) (width 0.1))
    (fp_line (start -2.5 1.25) (end 2.5 1.25) (layer B.Fab) (width 0.1))
    (fp_line (start 2.5 1.25) (end 2.5 -1.25) (layer B.Fab) (width 0.1))
    (fp_line (start 2.5 -1.25) (end -2.5 -1.25) (layer B.Fab) (width 0.1))
    (fp_line (start -1.402064 1.36) (end 1.402064 1.36) (layer B.SilkS) (width 0.12))
    (fp_line (start -1.402064 -1.36) (end 1.402064 -1.36) (layer B.SilkS) (width 0.12))
    (fp_line (start -3.18 -1.58) (end -3.18 1.58) (layer B.CrtYd) (width 0.05))
    (fp_line (start -3.18 1.58) (end 3.18 1.58) (layer B.CrtYd) (width 0.05))
    (fp_line (start 3.18 1.58) (end 3.18 -1.58) (layer B.CrtYd) (width 0.05))
    (fp_line (start 3.18 -1.58) (end -3.18 -1.58) (layer B.CrtYd) (width 0.05))
    (fp_text user %R (at 0 0) (layer B.Fab)
      (effects (font (size 1 1) (thickness 0.15)) (justify mirror))
    )
    (pad 1 smd roundrect (at -2.25 0) (size 1.35 2.65) (layers B.Cu B.Paste B.Mask) (roundrect_rratio 0.185185)
      (net 40 "Net-(D5-Pad2)"))
    (pad 2 smd roundrect (at 2.25 0) (size 1.35 2.65) (layers B.Cu B.Paste B.Mask) (roundrect_rratio 0.185185)
      (net 46 ign-2-out))
    (model ${KISYS3DMOD}/Resistor_SMD.3dshapes/R_2010_5025Metric.wrl
      (at (xyz 0 0 0))
      (scale (xyz 1 1 1))
      (rotate (xyz 0 0 0))
    )
  )

  (module Resistor_SMD:R_2010_5025Metric (layer F.Cu) (tedit 5B301BBD) (tstamp 5D6BFB46)
    (at 100.5 123.975 90)
    (descr "Resistor SMD 2010 (5025 Metric), square (rectangular) end terminal, IPC_7351 nominal, (Body size source: http://www.tortai-tech.com/upload/download/2011102023233369053.pdf), generated with kicad-footprint-generator")
    (tags resistor)
    (path /5D68FA4A/5D6A1E9D)
    (attr smd)
    (fp_text reference R26 (at 0 -2.28 90) (layer F.SilkS)
      (effects (font (size 1 1) (thickness 0.15)))
    )
    (fp_text value 100K (at 0 2.28 90) (layer F.Fab)
      (effects (font (size 1 1) (thickness 0.15)))
    )
    (fp_text user %R (at 0 0 90) (layer F.Fab)
      (effects (font (size 1 1) (thickness 0.15)))
    )
    (fp_line (start 3.18 1.58) (end -3.18 1.58) (layer F.CrtYd) (width 0.05))
    (fp_line (start 3.18 -1.58) (end 3.18 1.58) (layer F.CrtYd) (width 0.05))
    (fp_line (start -3.18 -1.58) (end 3.18 -1.58) (layer F.CrtYd) (width 0.05))
    (fp_line (start -3.18 1.58) (end -3.18 -1.58) (layer F.CrtYd) (width 0.05))
    (fp_line (start -1.402064 1.36) (end 1.402064 1.36) (layer F.SilkS) (width 0.12))
    (fp_line (start -1.402064 -1.36) (end 1.402064 -1.36) (layer F.SilkS) (width 0.12))
    (fp_line (start 2.5 1.25) (end -2.5 1.25) (layer F.Fab) (width 0.1))
    (fp_line (start 2.5 -1.25) (end 2.5 1.25) (layer F.Fab) (width 0.1))
    (fp_line (start -2.5 -1.25) (end 2.5 -1.25) (layer F.Fab) (width 0.1))
    (fp_line (start -2.5 1.25) (end -2.5 -1.25) (layer F.Fab) (width 0.1))
    (pad 2 smd roundrect (at 2.25 0 90) (size 1.35 2.65) (layers F.Cu F.Paste F.Mask) (roundrect_rratio 0.185185)
      (net 43 "Net-(IC2-Pad4)"))
    (pad 1 smd roundrect (at -2.25 0 90) (size 1.35 2.65) (layers F.Cu F.Paste F.Mask) (roundrect_rratio 0.185185)
      (net 6 GND))
    (model ${KISYS3DMOD}/Resistor_SMD.3dshapes/R_2010_5025Metric.wrl
      (at (xyz 0 0 0))
      (scale (xyz 1 1 1))
      (rotate (xyz 0 0 0))
    )
  )

  (module Resistor_SMD:R_2010_5025Metric (layer F.Cu) (tedit 5B301BBD) (tstamp 5D6BFB16)
    (at 95.475 123.85 270)
    (descr "Resistor SMD 2010 (5025 Metric), square (rectangular) end terminal, IPC_7351 nominal, (Body size source: http://www.tortai-tech.com/upload/download/2011102023233369053.pdf), generated with kicad-footprint-generator")
    (tags resistor)
    (path /5D68FA4A/5D6901D8)
    (attr smd)
    (fp_text reference R25 (at 0 -2.28 90) (layer F.SilkS)
      (effects (font (size 1 1) (thickness 0.15)))
    )
    (fp_text value 100K (at 0 2.28 90) (layer F.Fab)
      (effects (font (size 1 1) (thickness 0.15)))
    )
    (fp_text user %R (at 0 0 90) (layer F.Fab)
      (effects (font (size 1 1) (thickness 0.15)))
    )
    (fp_line (start 3.18 1.58) (end -3.18 1.58) (layer F.CrtYd) (width 0.05))
    (fp_line (start 3.18 -1.58) (end 3.18 1.58) (layer F.CrtYd) (width 0.05))
    (fp_line (start -3.18 -1.58) (end 3.18 -1.58) (layer F.CrtYd) (width 0.05))
    (fp_line (start -3.18 1.58) (end -3.18 -1.58) (layer F.CrtYd) (width 0.05))
    (fp_line (start -1.402064 1.36) (end 1.402064 1.36) (layer F.SilkS) (width 0.12))
    (fp_line (start -1.402064 -1.36) (end 1.402064 -1.36) (layer F.SilkS) (width 0.12))
    (fp_line (start 2.5 1.25) (end -2.5 1.25) (layer F.Fab) (width 0.1))
    (fp_line (start 2.5 -1.25) (end 2.5 1.25) (layer F.Fab) (width 0.1))
    (fp_line (start -2.5 -1.25) (end 2.5 -1.25) (layer F.Fab) (width 0.1))
    (fp_line (start -2.5 1.25) (end -2.5 -1.25) (layer F.Fab) (width 0.1))
    (pad 2 smd roundrect (at 2.25 0 270) (size 1.35 2.65) (layers F.Cu F.Paste F.Mask) (roundrect_rratio 0.185185)
      (net 6 GND))
    (pad 1 smd roundrect (at -2.25 0 270) (size 1.35 2.65) (layers F.Cu F.Paste F.Mask) (roundrect_rratio 0.185185)
      (net 42 "Net-(IC2-Pad2)"))
    (model ${KISYS3DMOD}/Resistor_SMD.3dshapes/R_2010_5025Metric.wrl
      (at (xyz 0 0 0))
      (scale (xyz 1 1 1))
      (rotate (xyz 0 0 0))
    )
  )

  (module Resistor_SMD:R_2010_5025Metric (layer F.Cu) (tedit 5B301BBD) (tstamp 5D6BFBA6)
    (at 89 123.4 270)
    (descr "Resistor SMD 2010 (5025 Metric), square (rectangular) end terminal, IPC_7351 nominal, (Body size source: http://www.tortai-tech.com/upload/download/2011102023233369053.pdf), generated with kicad-footprint-generator")
    (tags resistor)
    (path /5D68FA4A/5D6A1E97)
    (attr smd)
    (fp_text reference R24 (at 0 -2.28 90) (layer F.SilkS)
      (effects (font (size 1 1) (thickness 0.15)))
    )
    (fp_text value 1K (at 0 2.28 90) (layer F.Fab)
      (effects (font (size 1 1) (thickness 0.15)))
    )
    (fp_text user %R (at 0 0 90) (layer F.Fab)
      (effects (font (size 1 1) (thickness 0.15)))
    )
    (fp_line (start 3.18 1.58) (end -3.18 1.58) (layer F.CrtYd) (width 0.05))
    (fp_line (start 3.18 -1.58) (end 3.18 1.58) (layer F.CrtYd) (width 0.05))
    (fp_line (start -3.18 -1.58) (end 3.18 -1.58) (layer F.CrtYd) (width 0.05))
    (fp_line (start -3.18 1.58) (end -3.18 -1.58) (layer F.CrtYd) (width 0.05))
    (fp_line (start -1.402064 1.36) (end 1.402064 1.36) (layer F.SilkS) (width 0.12))
    (fp_line (start -1.402064 -1.36) (end 1.402064 -1.36) (layer F.SilkS) (width 0.12))
    (fp_line (start 2.5 1.25) (end -2.5 1.25) (layer F.Fab) (width 0.1))
    (fp_line (start 2.5 -1.25) (end 2.5 1.25) (layer F.Fab) (width 0.1))
    (fp_line (start -2.5 -1.25) (end 2.5 -1.25) (layer F.Fab) (width 0.1))
    (fp_line (start -2.5 1.25) (end -2.5 -1.25) (layer F.Fab) (width 0.1))
    (pad 2 smd roundrect (at 2.25 0 270) (size 1.35 2.65) (layers F.Cu F.Paste F.Mask) (roundrect_rratio 0.185185)
      (net 12 IGN2-CPU-D38))
    (pad 1 smd roundrect (at -2.25 0 270) (size 1.35 2.65) (layers F.Cu F.Paste F.Mask) (roundrect_rratio 0.185185)
      (net 43 "Net-(IC2-Pad4)"))
    (model ${KISYS3DMOD}/Resistor_SMD.3dshapes/R_2010_5025Metric.wrl
      (at (xyz 0 0 0))
      (scale (xyz 1 1 1))
      (rotate (xyz 0 0 0))
    )
  )

  (module Resistor_SMD:R_2010_5025Metric (layer F.Cu) (tedit 5B301BBD) (tstamp 5D6BFB76)
    (at 106.45 124.025 270)
    (descr "Resistor SMD 2010 (5025 Metric), square (rectangular) end terminal, IPC_7351 nominal, (Body size source: http://www.tortai-tech.com/upload/download/2011102023233369053.pdf), generated with kicad-footprint-generator")
    (tags resistor)
    (path /5D68FA4A/5D68FD75)
    (attr smd)
    (fp_text reference R23 (at 0 -2.28 90) (layer F.SilkS)
      (effects (font (size 1 1) (thickness 0.15)))
    )
    (fp_text value 1K (at 0 2.28 90) (layer F.Fab)
      (effects (font (size 1 1) (thickness 0.15)))
    )
    (fp_text user %R (at 0 0 90) (layer F.Fab)
      (effects (font (size 1 1) (thickness 0.15)))
    )
    (fp_line (start 3.18 1.58) (end -3.18 1.58) (layer F.CrtYd) (width 0.05))
    (fp_line (start 3.18 -1.58) (end 3.18 1.58) (layer F.CrtYd) (width 0.05))
    (fp_line (start -3.18 -1.58) (end 3.18 -1.58) (layer F.CrtYd) (width 0.05))
    (fp_line (start -3.18 1.58) (end -3.18 -1.58) (layer F.CrtYd) (width 0.05))
    (fp_line (start -1.402064 1.36) (end 1.402064 1.36) (layer F.SilkS) (width 0.12))
    (fp_line (start -1.402064 -1.36) (end 1.402064 -1.36) (layer F.SilkS) (width 0.12))
    (fp_line (start 2.5 1.25) (end -2.5 1.25) (layer F.Fab) (width 0.1))
    (fp_line (start 2.5 -1.25) (end 2.5 1.25) (layer F.Fab) (width 0.1))
    (fp_line (start -2.5 -1.25) (end 2.5 -1.25) (layer F.Fab) (width 0.1))
    (fp_line (start -2.5 1.25) (end -2.5 -1.25) (layer F.Fab) (width 0.1))
    (pad 2 smd roundrect (at 2.25 0 270) (size 1.35 2.65) (layers F.Cu F.Paste F.Mask) (roundrect_rratio 0.185185)
      (net 11 IGN1-CPU-D40))
    (pad 1 smd roundrect (at -2.25 0 270) (size 1.35 2.65) (layers F.Cu F.Paste F.Mask) (roundrect_rratio 0.185185)
      (net 42 "Net-(IC2-Pad2)"))
    (model ${KISYS3DMOD}/Resistor_SMD.3dshapes/R_2010_5025Metric.wrl
      (at (xyz 0 0 0))
      (scale (xyz 1 1 1))
      (rotate (xyz 0 0 0))
    )
  )

  (module Resistor_SMD:R_2010_5025Metric (layer F.Cu) (tedit 5B301BBD) (tstamp 5D67D728)
    (at 65.775 144.925 90)
    (descr "Resistor SMD 2010 (5025 Metric), square (rectangular) end terminal, IPC_7351 nominal, (Body size source: http://www.tortai-tech.com/upload/download/2011102023233369053.pdf), generated with kicad-footprint-generator")
    (tags resistor)
    (path /5D676664/5D66AF50)
    (attr smd)
    (fp_text reference R22 (at 0 -2.28 -90) (layer F.SilkS)
      (effects (font (size 1 1) (thickness 0.15)))
    )
    (fp_text value 1K (at 0 2.28 -90) (layer F.Fab)
      (effects (font (size 1 1) (thickness 0.15)))
    )
    (fp_text user %R (at 0 0 -90) (layer F.Fab)
      (effects (font (size 1 1) (thickness 0.15)))
    )
    (fp_line (start 3.18 1.58) (end -3.18 1.58) (layer F.CrtYd) (width 0.05))
    (fp_line (start 3.18 -1.58) (end 3.18 1.58) (layer F.CrtYd) (width 0.05))
    (fp_line (start -3.18 -1.58) (end 3.18 -1.58) (layer F.CrtYd) (width 0.05))
    (fp_line (start -3.18 1.58) (end -3.18 -1.58) (layer F.CrtYd) (width 0.05))
    (fp_line (start -1.402064 1.36) (end 1.402064 1.36) (layer F.SilkS) (width 0.12))
    (fp_line (start -1.402064 -1.36) (end 1.402064 -1.36) (layer F.SilkS) (width 0.12))
    (fp_line (start 2.5 1.25) (end -2.5 1.25) (layer F.Fab) (width 0.1))
    (fp_line (start 2.5 -1.25) (end 2.5 1.25) (layer F.Fab) (width 0.1))
    (fp_line (start -2.5 -1.25) (end 2.5 -1.25) (layer F.Fab) (width 0.1))
    (fp_line (start -2.5 1.25) (end -2.5 -1.25) (layer F.Fab) (width 0.1))
    (pad 2 smd roundrect (at 2.25 0 90) (size 1.35 2.65) (layers F.Cu F.Paste F.Mask) (roundrect_rratio 0.185185)
      (net 20 INJ2-CPU-D9))
    (pad 1 smd roundrect (at -2.25 0 90) (size 1.35 2.65) (layers F.Cu F.Paste F.Mask) (roundrect_rratio 0.185185)
      (net 55 "Net-(Q2-Pad1)"))
    (model ${KISYS3DMOD}/Resistor_SMD.3dshapes/R_2010_5025Metric.wrl
      (at (xyz 0 0 0))
      (scale (xyz 1 1 1))
      (rotate (xyz 0 0 0))
    )
  )

  (module Resistor_SMD:R_2010_5025Metric (layer F.Cu) (tedit 5B301BBD) (tstamp 5D75DDA8)
    (at 71.7 145.025 270)
    (descr "Resistor SMD 2010 (5025 Metric), square (rectangular) end terminal, IPC_7351 nominal, (Body size source: http://www.tortai-tech.com/upload/download/2011102023233369053.pdf), generated with kicad-footprint-generator")
    (tags resistor)
    (path /5D676664/5D66AAEC)
    (attr smd)
    (fp_text reference R21 (at 0 -2.28 270) (layer F.SilkS)
      (effects (font (size 1 1) (thickness 0.15)))
    )
    (fp_text value 100K (at 0 2.28 270) (layer F.Fab)
      (effects (font (size 1 1) (thickness 0.15)))
    )
    (fp_text user %R (at 0 0 270) (layer F.Fab)
      (effects (font (size 1 1) (thickness 0.15)))
    )
    (fp_line (start 3.18 1.58) (end -3.18 1.58) (layer F.CrtYd) (width 0.05))
    (fp_line (start 3.18 -1.58) (end 3.18 1.58) (layer F.CrtYd) (width 0.05))
    (fp_line (start -3.18 -1.58) (end 3.18 -1.58) (layer F.CrtYd) (width 0.05))
    (fp_line (start -3.18 1.58) (end -3.18 -1.58) (layer F.CrtYd) (width 0.05))
    (fp_line (start -1.402064 1.36) (end 1.402064 1.36) (layer F.SilkS) (width 0.12))
    (fp_line (start -1.402064 -1.36) (end 1.402064 -1.36) (layer F.SilkS) (width 0.12))
    (fp_line (start 2.5 1.25) (end -2.5 1.25) (layer F.Fab) (width 0.1))
    (fp_line (start 2.5 -1.25) (end 2.5 1.25) (layer F.Fab) (width 0.1))
    (fp_line (start -2.5 -1.25) (end 2.5 -1.25) (layer F.Fab) (width 0.1))
    (fp_line (start -2.5 1.25) (end -2.5 -1.25) (layer F.Fab) (width 0.1))
    (pad 2 smd roundrect (at 2.25 0 270) (size 1.35 2.65) (layers F.Cu F.Paste F.Mask) (roundrect_rratio 0.185185)
      (net 6 GND))
    (pad 1 smd roundrect (at -2.25 0 270) (size 1.35 2.65) (layers F.Cu F.Paste F.Mask) (roundrect_rratio 0.185185)
      (net 20 INJ2-CPU-D9))
    (model ${KISYS3DMOD}/Resistor_SMD.3dshapes/R_2010_5025Metric.wrl
      (at (xyz 0 0 0))
